36 243 199  46 151 134  99 148 131 112 107  10  46 201 132
201  62 153  22  94  94 186 134  17  17 218 162 136   3 218
243 140  11  84  91 120  61  80 140  74   6   0  93  71  87
7  97  11 150 130  37 231 112 247  41 248 182 161   5  32
14 205  93  54  78 127 248  13 223 118  84 218  10 127 252
209 121  61 115 152   6 243 100 105 173 161  96  63  12 115
139 171 174 193  24  24 208  15 252  13  27 187 138  42  29
71  95 106 186 121 167  36   3 130 130 145 209  84  67  74
122  63 235  80 229  15 225 200   2  63  23 177 115 214 239
37 164 130   7  83  92  84  20  61 112 227 128   2  41  91
57 100   3 212 251 110 235 207 224 234  72  47 185 103 204
182  56 100 166  78 135 101   6 169 198  23  35 213  80 216
213 110  86 246  31 151 105  24 171   0  16 188  56 162 133
173 190 228 242  73 194  43 236 111 120 217  81 190  14  53
73  13 197 145 200  42  89 146  73 220 234  68 132  94  81
238 221  99 181  53  82 215 111 239  33 225 191  79  13 222